+21059 406
+21466 203
+21669 203
+21872 406
+22279 203
+22483 203
+22686 406
+23500 610
+24110 203
+24314 406
+24721 203
+24924 203
+25128 813
+25941 610
+26552 203
+26755 203
+26959 203
+27162 203
+27366 203
+27569 813
+29197 406
+29604 203
+29807 203
+30010 406
+30417 203
+30621 203
+30824 813
+31638 610
+32248 203
+32452 203
+32655 203
+32859 203
+33062 203
+33266 203
+33469 203
+33673 203
+33876 203
+34079 813
+35707 406
+36114 203
+36317 203
+36521 610
+37131 203
+37335 203
+37742 203
+37945 203
+38148 813
+38962 813
+39776 406
+40183 406
+40590 406
+40997 203
+41200 203
+41404 813
+42217 406
+42624 203
+42828 203
+43031 406
+43438 406
+43845 406
+44252 203
+44455 203
+44659 406
+45066 406
+45473 2848
+48321 406
+48728 203
+48931 203
+49135 203
+49338 203
+49542 406
+49949 406
+50356 406
+51169 203
+51576 203
+51780 203
+51983 2848
+55238 406
+55645 203
+55849 203
+56052 406
+56459 203
+56662 203
+56866 406
+57680 610
+58290 203
+58494 406
+58900 203
+59104 203
+59307 813
+60121 610
+60731 203
+60935 203
+61138 203
+61342 203
+61545 203
+61749 813
+63376 406
+63783 203
+63987 203
+64190 406
+64597 203
+64800 203
+65004 813
+65818 610
+66428 203
+66632 203
+66835 203
+67038 203
+67242 203
+67445 203
+67649 203
+67852 203
+68056 203
+68259 813
+69887 406
+70294 203
+70497 203
+70701 610
+71311 203
+71514 203
+71921 203
+72125 203
+72328 813
+73142 813
+73956 406
+74363 406
+74770 406
+75176 203
+75380 203
+75583 813
+76397 406
+76804 203
+77008 203
+77211 406
+77618 406
+78025 406
+78432 203
+78635 203
+78839 406
+79245 406
+79652 2848
+82501 406
+82908 203
+83111 203
+83314 203
+83518 203
+83721 406
+84128 406
+84535 406
+85349 203
+85756 203
+85959 203
+86163 2848
+95933 406
+96340 203
+96543 203
+96747 406
+97154 203
+97357 203
+97560 406
+98374 610
+98985 203
+99188 406
+99595 203
+99798 203
+100002 813
+100816 406
+101218 411
+101629 203
+101833 203
+102036 203
+102240 203
+102443 813
+104071 406
+104478 203
+104681 203
+104885 406
+105292 203
+105495 203
+105698 813
+106512 610
+107123 203
+107326 203
+107529 203
+107733 203
+107936 203
+108140 203
+108343 203
+108547 203
+108750 203
+108954 813
+110581 406
+110988 203
+111192 203
+111395 610
+112005 203
+112209 203
+112616 203
+112819 203
+113023 813
+113836 813
+114650 406
+115057 406
+115464 406
+115871 203
+116074 203
+116278 813
+117092 406
+117499 203
+117702 203
+117905 406
+118312 406
+118719 406
+119126 203
+119330 203
+119533 406
+119940 406
+120347 2848
+123195 406
+123602 203
+123806 203
+124009 203
+124212 203
+124416 406
+124823 406
+125230 406
+126043 203
+126450 203
+126654 203
+126857 2848
+146384 406
+146791 203
+146995 203
+147198 406
+147605 203
+147808 203
+148012 406
+148826 610
+149436 203
+149639 406
+150046 203
+150250 203
+150453 813
+151267 406
+151674 406
+152081 203
+152284 203
+152488 203
+152691 203
+152895 813
+154522 406
+154929 203
+155133 203
+155336 406
+155743 203
+155946 203
+156150 813
+156964 610
+157574 203
+157777 203
+157981 203
+158184 203
+158388 203
+158591 203
+158795 203
+158998 203
+159202 203
+159405 813
+161033 406
+161439 203
+161643 203
+161846 610
+162457 203
+162660 203
+163067 203
+163271 203
+163474 813
+164288 813
+165102 406
+165509 406
+165915 406
+166322 203
+166526 203
+166729 813
+167543 406
+167950 203
+168153 203
+168357 406
+168764 406
+169171 406
+169578 203
+169781 203
+169984 406
+170391 406
+170798 2848
+173647 406
+174053 203
+174257 203
+174460 203
+174664 203
+174867 406
+175274 406
+175681 406
+176495 203
+176902 203
+177105 203
+177309 2848
+180564 406
+180971 203
+181174 203
+181378 406
+181785 203
+181988 203
+182191 406
+183005 610
+183616 203
+183819 406
+184226 203
+184429 203
+184633 813
+185447 406
+185854 406
+186260 203
+186464 203
+186667 203
+186871 203
+187074 813
+188702 406
+189109 203
+189312 203
+189516 406
+189923 203
+190126 203
+190329 813
+191143 610
+191754 203
+191957 203
+192161 203
+192364 203
+192567 203
+192771 203
+192974 203
+193178 203
+193381 203
+193585 813
+195212 406
+195619 203
+195823 203
+196026 610
+196636 203
+196840 203
+197247 203
+197450 203
+197654 813
+198467 813
+199281 406
+199688 406
+200095 406
+200502 203
+200705 203
+200909 813
+201723 406
+202130 203
+202333 203
+202537 406
+202943 406
+203350 406
+203757 203
+203961 203
+204164 406
+204571 406
+204978 2848
+207826 406
+208233 203
+208437 203
+208640 203
+208843 203
+209047 406
+209454 406
+209861 406
+210675 203
+211081 203
+211285 203
+211488 2848
+221254 406
+221661 203
+221864 203
+222068 406
+222475 203
+222678 203
+222882 406
+223695 610
+224306 203
+224509 406
+224916 203
+225120 203
+225323 813
+226137 406
+226544 406
+226951 203
+227154 203
+227357 203
+227561 203
+227764 813
+229392 406
+229799 203
+230002 203
+230206 406
+230613 203
+230816 203
+231020 813
+231833 610
+232444 203
+232647 203
+232851 203
+233054 203
+233258 203
+233461 203
+233664 203
+233868 203
+234071 203
+234275 813
+235902 406
+236309 203
+236513 203
+236716 610
+237327 203
+237530 203
+237937 203
+238140 203
+238344 813
+239158 813
+239971 406
+240378 406
+240785 406
+241192 203
+241396 203
+241599 813
+242413 406
+242820 203
+243023 203
+243227 406
+243634 406
+244040 406
+244447 203
+244651 203
+244854 406
+245261 406
+245668 2848
+248516 406
+248923 203
+249127 203
+249330 203
+249534 203
+249737 406
+250144 406
+250551 406
+251365 203
+251772 203
+251975 203
+252178 406
+252992 2441
+255434 3255
+258892 610
+259503 1220
+260723 406
+261130 10579
